10
0  29 20 21 16 31 0  12 4  0 
29 0  0  0  28 0  0  21 0  41 
20 0  0  15 14 0  81 0  23 27 
21 0  15 0  4  12 92 12 25 13 
16 28 14 4  0  16 0  9  20 16 
31 0  0  12 16 0  95 24 36 3 
0  0  81 92 0  95 0  90 0  0 
12 21 0  12 9  24 90 0  15 25 
4  0  23 25 20 36 0  15 0  0 
0  41 27 13 16 3  0  25 0  0